
state={
	id=62
	name="STATE_62"
	provinces={
		58 68 88 91 137 157 165 177 198 236 260 264 311 317 333 351 376 423 460 481 509 547 555 566 585 590 652 678 689 727 730 745 749 794 811 832 854 869 900 902 911 973 991 1009 1075 1091 1102 1110 1187 1209 1213 1227 1252 1261 1284 1328 1349 1357 1367 1420 1444 1459 1463 1471 1475 1496 1504 1509 1549 1569 1599 1602 1606 1616 1657 1664 1691 1713 1741 1744 2016 2020 2032 2066 2084 2107 2112 2118 2119 2137 2138 2142 2146 2156 2176 2178 2184 2190 2197 2198 2199 2203 2204 2205 2209 2211 2212 2214 2215 2216 2223 2229 2236 2241 2245 2248 2251 2255 2257 2258 2264 2267 2269 2271 2296 
	}
	manpower=0
	buildings_max_level_factor=1.000
}
